1978-03-01	6.0	1.9459101	1.0	0.6931472	1	0	0	0
1978-03-02	2.0	1.0986123	0.0	0.0	1	0	0	0
1978-03-03	4.0	1.609438	0.0	0.0	1	0	0	0
1978-03-04	2.0	1.0986123	0.0	0.0	1	0	0	0
1978-03-05	1.0	0.6931472	0.0	0.0	1	0	0	0
1978-03-06	3.0	1.3862944	2.0	1.0986123	1	0	0	0
1978-03-07	0.0	0.0	0.0	0.0	1	0	0	0
1978-03-08	6.0	1.9459101	0.0	0.0	1	0	0	0
1978-03-09	5.0	1.7917595	0.0	0.0	1	0	0	0
1978-03-10	2.0	1.0986123	0.0	0.0	1	0	0	0
1978-03-11	2.0	1.0986123	1.0	0.6931472	1	0	0	0
1978-03-12	0.0	0.0	0.0	0.0	1	0	0	0
1978-03-13	0.0	0.0	0.0	0.0	1	0	0	0
1978-03-14	2.0	1.0986123	5.0	1.7917595	1	0	0	0
1978-03-15	2.0	1.0986123	0.0	0.0	1	0	0	0
1978-03-16	3.0	1.3862944	0.0	0.0	1	0	0	0
1978-03-17	1.0	0.6931472	0.0	0.0	1	0	0	0
1978-03-18	0.0	0.0	0.0	0.0	1	0	0	0
1978-03-19	0.0	0.0	0.0	0.0	1	0	0	0
1978-03-20	3.0	1.3862944	0.0	0.0	1	0	0	0
1978-03-21	0.0	0.0	0.0	0.0	1	0	0	0
1978-03-22	1.0	0.6931472	1.0	0.6931472	1	0	0	0
1978-03-23	2.0	1.0986123	2.0	1.0986123	1	0	0	0
1978-03-24	4.0	1.609438	0.0	0.0	1	0	0	0
1978-03-25	2.0	1.0986123	0.0	0.0	1	0	0	0
1978-03-26	1.0	0.6931472	0.0	0.0	1	0	0	0
1978-03-27	2.0	1.0986123	0.0	0.0	1	0	0	0
1978-03-28	2.0	1.0986123	1.0	0.6931472	1	0	0	0
1978-03-29	2.0	1.0986123	0.0	0.0	1	0	0	0
1978-03-30	2.0	1.0986123	0.0	0.0	1	0	0	0
1978-03-31	0.0	0.0	0.0	0.0	1	0	0	0
1978-04-01	3.0	1.3862944	0.0	0.0	0	1	0	0
1978-04-02	3.0	1.3862944	3.0	1.3862944	0	1	0	0
1978-04-03	1.0	0.6931472	0.0	0.0	0	1	0	0
1978-04-04	1.0	0.6931472	0.0	0.0	0	1	0	0
1978-04-05	2.0	1.0986123	1.0	0.6931472	0	1	0	0
1978-04-06	0.0	0.0	0.0	0.0	0	1	0	0
1978-04-07	1.0	0.6931472	3.0	1.3862944	0	1	0	0
1978-04-08	4.0	1.609438	0.0	0.0	0	1	0	0
1978-04-09	0.0	0.0	0.0	0.0	0	1	0	0
1978-04-10	0.0	0.0	0.0	0.0	0	1	0	0
1978-04-11	4.0	1.609438	0.0	0.0	0	1	0	0
1978-04-12	3.0	1.3862944	0.0	0.0	0	1	0	0
1978-04-13	3.0	1.3862944	0.0	0.0	0	1	0	0
1978-04-14	5.0	1.7917595	0.0	0.0	0	1	0	0
1978-04-15	1.0	0.6931472	0.0	0.0	0	1	0	0
1978-04-16	0.0	0.0	0.0	0.0	0	1	0	0
1978-04-17	2.0	1.0986123	0.0	0.0	0	1	0	0
1978-04-18	3.0	1.3862944	0.0	0.0	0	1	0	0
1978-04-19	3.0	1.3862944	0.0	0.0	0	1	0	0
1978-04-20	4.0	1.609438	0.0	0.0	0	1	0	0
1978-04-21	0.0	0.0	0.0	0.0	0	1	0	0
1978-04-22	1.0	0.6931472	0.0	0.0	0	1	0	0
1978-04-23	4.0	1.609438	0.0	0.0	0	1	0	0
1978-04-24	2.0	1.0986123	0.0	0.0	0	1	0	0
1978-04-25	1.0	0.6931472	0.0	0.0	0	1	0	0
1978-04-26	2.0	1.0986123	0.0	0.0	0	1	0	0
1978-04-27	1.0	0.6931472	0.0	0.0	0	1	0	0
1978-04-28	0.0	0.0	0.0	0.0	0	1	0	0
1978-04-29	1.0	0.6931472	0.0	0.0	0	1	0	0
1978-04-30	1.0	0.6931472	0.0	0.0	0	1	0	0
1978-05-01	4.0	1.609438	0.0	0.0	0	0	1	0
1978-05-02	1.0	0.6931472	0.0	0.0	0	0	1	0
1978-05-03	1.0	0.6931472	0.0	0.0	0	0	1	0
1978-05-04	4.0	1.609438	0.0	0.0	0	0	1	0
1978-05-05	0.0	0.0	2.0	1.0986123	0	0	1	0
1978-05-06	2.0	1.0986123	0.0	0.0	0	0	1	0
1978-05-07	0.0	0.0	0.0	0.0	0	0	1	0
1978-05-08	0.0	0.0	0.0	0.0	0	0	1	0
1978-05-09	1.0	0.6931472	0.0	0.0	0	0	1	0
1978-05-10	5.0	1.7917595	0.0	0.0	0	0	1	0
1978-05-11	4.0	1.609438	0.0	0.0	0	0	1	0
1978-05-12	6.0	1.9459101	0.0	0.0	0	0	1	0
1978-05-13	2.0	1.0986123	0.0	0.0	0	0	1	0
1978-05-14	3.0	1.3862944	0.0	0.0	0	0	1	0
1978-05-15	1.0	0.6931472	0.0	0.0	0	0	1	0
1978-05-16	2.0	1.0986123	0.0	0.0	0	0	1	0
1978-05-17	6.0	1.9459101	0.0	0.0	0	0	1	0
1978-05-18	12.0	2.5649493	0.0	0.0	0	0	1	0
1978-05-19	3.0	1.3862944	0.0	0.0	0	0	1	0
1978-05-20	1.0	0.6931472	0.0	0.0	0	0	1	0
1978-05-21	5.0	1.7917595	0.0	0.0	0	0	1	0
1978-05-22	6.0	1.9459101	0.0	0.0	0	0	1	0
1978-05-23	4.0	1.609438	0.0	0.0	0	0	1	0
1978-05-24	5.0	1.7917595	0.0	0.0	0	0	1	0
1978-05-25	5.0	1.7917595	0.0	0.0	0	0	1	0
1978-05-26	6.0	1.9459101	0.0	0.0	0	0	1	0
1978-05-27	5.0	1.7917595	0.0	0.0	0	0	1	0
1978-05-28	9.0	2.3025851	0.0	0.0	0	0	1	0
1978-05-29	0.0	0.0	0.0	0.0	0	0	1	0
1978-05-30	2.0	1.0986123	0.0	0.0	0	0	1	0
1978-05-31	6.0	1.9459101	0.0	0.0	0	0	1	0
1978-06-01	8.0	2.1972246	0.0	0.0	0	0	0	1
1978-06-02	2.0	1.0986123	0.0	0.0	0	0	0	1
1978-06-03	1.0	0.6931472	0.0	0.0	0	0	0	1
1978-06-04	1.0	0.6931472	0.0	0.0	0	0	0	1
1978-06-05	2.0	1.0986123	0.0	0.0	0	0	0	1
1978-06-06	1.0	0.6931472	0.0	0.0	0	0	0	1
1978-06-07	0.0	0.0	1.0	0.6931472	0	0	0	1
1978-06-08	2.0	1.0986123	0.0	0.0	0	0	0	1
1978-06-09	1.0	0.6931472	0.0	0.0	0	0	0	1
1978-06-10	0.0	0.0	0.0	0.0	0	0	0	1
1978-06-11	3.0	1.3862944	0.0	0.0	0	0	0	1
1978-06-12	0.0	0.0	0.0	0.0	0	0	0	1
1978-06-13	1.0	0.6931472	0.0	0.0	0	0	0	1
1978-06-14	1.0	0.6931472	0.0	0.0	0	0	0	1
1978-06-15	1.0	0.6931472	0.0	0.0	0	0	0	1
1978-06-16	0.0	0.0	1.0	0.6931472	0	0	0	1
1978-06-17	1.0	0.6931472	0.0	0.0	0	0	0	1
1978-06-18	0.0	0.0	0.0	0.0	0	0	0	1
1978-06-19	1.0	0.6931472	0.0	0.0	0	0	0	1
1978-06-20	8.0	2.1972246	0.0	0.0	0	0	0	1
1978-06-21	0.0	0.0	0.0	0.0	0	0	0	1
1978-06-22	1.0	0.6931472	0.0	0.0	0	0	0	1
1978-06-23	2.0	1.0986123	0.0	0.0	0	0	0	1
1978-06-24	2.0	1.0986123	0.0	0.0	0	0	0	1
1978-06-25	1.0	0.6931472	0.0	0.0	0	0	0	1
