1.0	1978-03-01	-92.0	1.0	1.0
1.0	1978-03-01	-92.0	1.0	1.0
1.0	1978-03-01	-92.0	5.0	1.0
1.0	1978-03-02	-91.0	1.0	1.0
1.0	1978-03-03	-90.0	1.0	1.0
1.0	1978-03-04	-89.0	1.0	1.0
1.0	1978-03-05	-88.0	1.0	2.0
1.0	1978-03-14	-79.0	1.0	1.0
1.0	1978-03-14	-79.0	1.0	2.0
1.0	1978-03-14	-79.0	1.0	2.0
1.0	1978-03-15	-78.0	5.0	1.0
1.0	1978-03-15	-78.0	5.0	1.0
1.0	1978-03-16	-77.0	1.0	1.0
1.0	1978-03-17	-76.0	1.0	2.0
1.0	1978-03-20	-73.0	1.0	1.0
1.0	1978-03-20	-73.0	1.0	1.0
1.0	1978-03-22	-71.0	1.0	2.0
1.0	1978-03-23	-70.0	5.0	1.0
1.0	1978-03-23	-70.0	5.0	1.0
1.0	1978-03-24	-69.0	1.0	1.0
1.0	1978-03-24	-69.0	1.0	1.0
1.0	1978-03-24	-69.0	4.0	1.0
1.0	1978-03-25	-68.0	1.0	1.0
1.0	1978-04-01	-61.0	3.0	1.0
1.0	1978-04-03	-59.0	1.0	2.0
1.0	1978-04-05	-57.0	1.0	1.0
1.0	1978-04-05	-57.0	1.0	1.0
1.0	1978-04-13	-49.0	3.0	1.0
1.0	1978-04-14	-48.0	1.0	2.0
1.0	1978-04-14	-48.0	1.0	2.0
1.0	1978-04-14	-48.0	4.0	1.0
1.0	1978-04-14	-48.0	4.0	2.0
1.0	1978-04-17	-45.0	1.0	1.0
1.0	1978-04-18	-44.0	1.0	1.0
1.0	1978-04-18	-44.0	1.0	1.0
1.0	1978-04-19	-43.0	1.0	1.0
1.0	1978-04-19	-43.0	1.0	1.0
1.0	1978-04-23	-39.0	1.0	1.0
1.0	1978-04-23	-39.0	1.0	1.0
1.0	1978-04-23	-39.0	1.0	1.0
1.0	1978-04-23	-39.0	1.0	1.0
1.0	1978-04-25	-37.0	1.0	1.0
1.0	1978-04-26	-36.0	1.0	2.0
1.0	1978-04-29	-33.0	4.0	1.0
1.0	1978-05-01	-31.0	1.0	1.0
1.0	1978-05-01	-31.0	5.0	1.0
1.0	1978-05-02	-30.0	4.0	1.0
1.0	1978-05-03	-29.0	1.0	2.0
1.0	1978-05-04	-28.0	5.0	2.0
1.0	1978-05-04	-28.0	5.0	2.0
1.0	1978-05-04	-28.0	5.0	2.0
1.0	1978-05-06	-26.0	1.0	1.0
1.0	1978-05-09	-23.0	1.0	1.0
1.0	1978-05-10	-22.0	1.0	1.0
1.0	1978-05-10	-22.0	1.0	1.0
1.0	1978-05-10	-22.0	1.0	1.0
1.0	1978-05-10	-22.0	1.0	2.0
1.0	1978-05-11	-21.0	3.0	1.0
1.0	1978-05-11	-21.0	3.0	2.0
1.0	1978-05-12	-20.0	1.0	1.0
1.0	1978-05-12	-20.0	1.0	1.0
1.0	1978-05-12	-20.0	1.0	1.0
1.0	1978-05-12	-20.0	1.0	2.0
1.0	1978-05-12	-20.0	1.0	2.0
1.0	1978-05-12	-20.0	1.0	2.0
1.0	1978-05-13	-19.0	3.0	1.0
1.0	1978-05-13	-19.0	5.0	1.0
1.0	1978-05-14	-18.0	1.0	1.0
1.0	1978-05-14	-18.0	1.0	1.0
1.0	1978-05-14	-18.0	1.0	1.0
1.0	1978-05-17	-15.0	1.0	1.0
1.0	1978-05-17	-15.0	2.0	1.0
1.0	1978-05-17	-15.0	4.0	1.0
1.0	1978-05-18	-14.0	1.0	1.0
1.0	1978-05-18	-14.0	1.0	1.0
1.0	1978-05-18	-14.0	1.0	1.0
1.0	1978-05-18	-14.0	1.0	2.0
1.0	1978-05-19	-13.0	1.0	1.0
1.0	1978-05-21	-11.0	1.0	1.0
1.0	1978-05-22	-10.0	1.0	1.0
1.0	1978-05-22	-10.0	1.0	2.0
1.0	1978-05-22	-10.0	2.0	1.0
1.0	1978-05-22	-10.0	2.0	1.0
1.0	1978-05-23	-9.0	1.0	1.0
1.0	1978-05-24	-8.0	1.0	1.0
1.0	1978-05-24	-8.0	1.0	2.0
1.0	1978-05-26	-6.0	1.0	1.0
1.0	1978-05-26	-6.0	1.0	1.0
1.0	1978-05-26	-6.0	1.0	1.0
1.0	1978-05-26	-6.0	1.0	2.0
1.0	1978-05-27	-5.0	1.0	1.0
1.0	1978-05-27	-5.0	1.0	1.0
1.0	1978-05-27	-5.0	1.0	1.0
1.0	1978-05-27	-5.0	1.0	2.0
1.0	1978-05-27	-5.0	1.0	2.0
1.0	1978-05-28	-4.0	1.0	2.0
1.0	1978-05-30	-2.0	1.0	1.0
1.0	1978-05-31	-1.0	1.0	2.0
1.0	1978-05-31	-1.0	5.0	2.0
1.0	1978-06-06	0.0	1.0	1.0
1.0	1978-06-05	0.0	1.0	1.0
1.0	1978-06-25	0.0	1.0	1.0
1.0	1978-06-01	0.0	1.0	1.0
1.0	1978-06-02	0.0	1.0	2.0
1.0	1978-06-02	0.0	1.0	2.0
1.0	1978-06-01	0.0	1.0	2.0
1.0	1978-06-05	0.0	1.0	2.0
1.0	1978-06-08	0.0	1.0	2.0
1.0	1978-06-04	0.0	1.0	2.0
1.0	1978-06-09	0.0	1.0	2.0
1.0	1978-06-01	0.0	5.0	1.0
1.0	1978-06-26	1.0	1.0	2.0
1.0	1978-06-26	1.0	1.0	2.0
1.0	1978-06-26	1.0	1.0	2.0
1.0	1978-06-26	1.0	1.0	2.0
1.0	1978-06-27	2.0	1.0	1.0
1.0	1978-06-27	2.0	1.0	1.0
1.0	1978-06-27	2.0	1.0	2.0
1.0	1978-06-27	2.0	5.0	1.0
1.0	1978-06-28	3.0	1.0	1.0
1.0	1978-06-29	4.0	1.0	1.0
1.0	1978-06-29	4.0	1.0	1.0
1.0	1978-06-29	4.0	1.0	1.0
1.0	1978-06-29	4.0	1.0	2.0
1.0	1978-06-30	5.0	1.0	1.0
1.0	1978-06-30	5.0	1.0	1.0
1.0	1978-06-30	5.0	1.0	1.0
1.0	1978-07-01	6.0	1.0	1.0
1.0	1978-07-01	6.0	1.0	1.0
1.0	1978-07-01	6.0	1.0	1.0
1.0	1978-07-01	6.0	1.0	1.0
1.0	1978-07-01	6.0	1.0	1.0
1.0	1978-07-01	6.0	1.0	2.0
1.0	1978-07-01	6.0	5.0	2.0
1.0	1978-07-05	10.0	1.0	2.0
1.0	1978-07-05	10.0	3.0	1.0
1.0	1978-07-05	10.0	3.0	1.0
1.0	1978-07-07	12.0	1.0	1.0
1.0	1978-07-08	13.0	1.0	2.0
1.0	1978-07-09	14.0	1.0	1.0
1.0	1978-07-10	15.0	1.0	1.0
1.0	1978-07-10	15.0	1.0	1.0
1.0	1978-07-10	15.0	1.0	2.0
1.0	1978-07-12	17.0	1.0	1.0
1.0	1978-07-12	17.0	1.0	1.0
1.0	1978-07-13	18.0	1.0	1.0
1.0	1978-07-17	22.0	5.0	1.0
1.0	1978-07-18	23.0	1.0	1.0
1.0	1978-07-18	23.0	1.0	1.0
1.0	1978-07-18	23.0	1.0	1.0
1.0	1978-07-18	23.0	1.0	2.0
1.0	1978-07-18	23.0	4.0	1.0
1.0	1978-07-18	23.0	4.0	2.0
1.0	1978-07-20	25.0	1.0	2.0
1.0	1978-07-21	26.0	1.0	2.0
1.0	1978-07-21	26.0	1.0	2.0
1.0	1978-07-21	26.0	1.0	
1.0	1978-07-21	26.0	1.0	
1.0	1978-07-21	26.0	5.0	1.0
1.0	1978-07-24	29.0	1.0	1.0
1.0	1978-07-25	30.0	1.0	1.0
1.0	1978-07-25	30.0	1.0	1.0
1.0	1978-07-25	30.0	1.0	2.0
1.0	1978-07-26	31.0	1.0	1.0
1.0	1978-07-31	36.0	1.0	1.0
1.0	1978-08-01	37.0	1.0	1.0
1.0	1978-08-01	37.0	1.0	1.0
1.0	1978-08-01	37.0	1.0	2.0
1.0	1978-08-06	42.0	4.0	1.0
1.0	1978-08-08	44.0	1.0	2.0
1.0	1978-08-10	46.0	1.0	1.0
1.0	1978-08-10	46.0	1.0	2.0
1.0	1978-08-14	50.0	1.0	1.0
1.0	1978-08-14	50.0	1.0	1.0
1.0	1978-08-14	50.0	1.0	
1.0	1978-08-15	51.0	1.0	1.0
1.0	1978-08-15	51.0	1.0	1.0
1.0	1978-08-15	51.0	1.0	2.0
1.0	1978-08-15	51.0	1.0	2.0
1.0	1978-08-16	52.0	1.0	1.0
1.0	1978-08-17	53.0	1.0	1.0
1.0	1978-08-19	55.0	1.0	1.0
1.0	1978-08-22	58.0	1.0	1.0
1.0	1978-08-25	61.0	1.0	1.0
1.0	1978-08-25	61.0	1.0	1.0
1.0	1978-08-29	65.0	1.0	1.0
1.0	1978-09-01	68.0	1.0	1.0
1.0	1978-09-01	68.0	3.0	1.0
1.0	1978-09-01	68.0	4.0	2.0
1.0	1978-09-02	69.0	1.0	1.0
1.0	1978-09-02	69.0	1.0	2.0
1.0	1978-09-02	69.0	1.0	2.0
1.0	1978-09-13	80.0	1.0	1.0
1.0	1978-09-14	81.0	1.0	1.0
1.0	1978-09-15	82.0	1.0	2.0
1.0	1978-09-16	83.0	1.0	1.0
1.0	1978-09-18	85.0	1.0	1.0
1.0	1978-09-19	86.0	1.0	1.0
1.0	1978-09-22	89.0	1.0	2.0
